position:      -0.70837 -0.705603 -0.0183414
orientation:   0.983429 0.0309398 -0.126708 0.125915
field_of_view: 0.471089
