position:      -0.707913 -0.706061 -0.0183532
orientation:   0.983143 0.0249274 -0.128364 0.127791
field_of_view: 0.471089
