position:      -0.706995 -0.706979 -0.0183771
orientation:   0.982426 0.0125222 -0.132234 0.131136
field_of_view: 0.471088
