position:      -0.707455 -0.70652 -0.0183652
orientation:   0.98281 0.0187888 -0.130204 0.129531
field_of_view: 0.471089
