position:      -0.706535 -0.707439 -0.018389
orientation:   0.981987 0.00612639 -0.134459 0.132605
field_of_view: 0.47109
