position:      -0.696747 -0.717074 -0.0186395
orientation:   0.98217 0.0168534 -0.132769 0.132028
field_of_view: 0.471089
