position:      -0.703745 -0.710213 -0.0184611
orientation:   0.982497 0.0164828 -0.131591 0.130809
field_of_view: 0.471089
