position:      -0.689823 -0.723733 -0.0188126
orientation:   0.981846 0.0172245 -0.133922 0.13322
field_of_view: 0.471089
