position:      -0.717953 -0.695856 -0.018088
orientation:   0.983164 0.0157431 -0.129155 0.128292
field_of_view: 0.471089
