position:      -0.672844 -0.739535 -0.0192234
orientation:   0.981052 0.0181533 -0.136705 0.136087
field_of_view: 0.471089
