position:      -0.64036 -0.767816 -0.0199585
orientation:   0.97953 0.0200145 -0.141919 0.141348
field_of_view: 0.471089
