position:      -0.696432 -0.717395 -0.0180884
orientation:   0.983093 0.0168666 -0.129219 0.128632
field_of_view: 0.485103
