position:      -0.706918 -0.707057 -0.0183791
orientation:   0.982647 0.0163126 -0.130984 0.130314
field_of_view: 0.47109
