position:      -0.669169 -0.742859 -0.0193098
orientation:   0.981034 0.0179577 -0.129721 0.142908
field_of_view: 0.471089
