position:      -0.624948 -0.780403 -0.0202856
orientation:   0.979273 0.019988 -0.127535 0.156074
field_of_view: 0.47109
