position:      -0.573773 -0.818738 -0.0212821
orientation:   0.977395 0.0224306 -0.124217 0.169605
field_of_view: 0.47109
