position:      -0.705498 -0.708472 -0.0184159
orientation:   0.982584 0.0163726 -0.130948 0.130814
field_of_view: 0.471089
