position:      -5.02204 -1.92319 -2.09618
orientation:   0.914628 0.0160086 -0.386743 0.116743
field_of_view: 0.471089
