position:      -1.62524 -0.62322 0.612296
orientation:   0.914628 0.0160086 -0.386743 0.116743
field_of_view: 0.471089
