position:      3.83431 -2.0834 -3.00376
orientation:   0.927131 0.117337 0.313532 0.168399
field_of_view: 0.471089
