position:      -0.905261 -1.70242 -1.56245
orientation:   0.966128 -0.103044 -0.0973057 0.215664
field_of_view: 0.394791
