position:      -1.01501 -1.32946 -0.806022
orientation:   0.975108 0.0218228 -0.122618 0.18345
field_of_view: 0.692571
