position:      23.4372 18.5216 27.734
orientation:   -0.189423 0.327117 0.0864294 0.921761
field_of_view: 0.785398
