position:      25.0351 14.1478 28.4238
orientation:   -0.117197 0.343022 0.0603932 0.930029
field_of_view: 0.785398
