position:      26.4244 20.2841 30.8715
orientation:   -0.189726 0.327429 0.0849802 0.921723
field_of_view: 0.699275
