position:      21.4428 12.7224 20.9757
orientation:   -0.182514 0.3877 0.0646171 0.901223
field_of_view: 0.785398
