position:      22.3322 13.199 21.7315
orientation:   -0.187018 0.38497 0.0669607 0.901299
field_of_view: 0.768222
